# ThermoTwin-F DNN weights v1.0
# HR_MAE_kJkWh: 27.56
# HR surrogate 4-32-16-1 relu relu linear
0.28767591 -0.05013313 0.05670775 -0.01004529
0.37456826 -0.70685272 -0.37952628 0.33538292
-0.64892820 -0.23113890 -1.31108571 0.64115715
-0.02305193 0.82333535 0.22690260 0.27870401
1.29997297 0.25369878 0.11709581 0.25435731
-0.00779271 -1.20386732 0.09269153 -0.32940792
0.08986149 -0.26310731 0.25883140 0.01086205
0.65279586 0.75234437 0.08732092 -0.63842523
1.23353303 -0.00192216 -0.04229766 -0.00041149
0.38278813 -1.14268144 -0.91024156 -0.04822646
-1.01046569 0.22069730 -0.22081531 0.00453001
0.06130229 -0.08456963 -0.05177371 -0.30402171
0.06468386 -0.10822695 0.19557292 -0.20854156
-0.10369606 0.03818401 -0.28268969 -0.35875711
-0.33339779 0.22916130 -0.25659406 1.17786873
-0.21795214 -0.01899754 0.15573488 -0.53057858
0.52141170 0.19047395 1.05708547 -0.51626623
0.31523326 -0.14099048 -0.03115400 0.57879967
-0.01841716 0.32546528 -0.13503341 0.06611443
0.01607743 0.43952827 -0.27283421 -0.05126812
0.91162017 -0.16533999 0.16693115 -0.01424996
-0.56982683 1.07639652 0.57328311 -0.51273478
0.16605036 -0.06419138 0.10953257 -0.56069833
0.58332186 0.51820300 0.41984708 0.46336431
0.11535716 -0.10603259 -0.07159125 0.43125924
-0.10809464 -0.18903693 -0.21618302 0.06041220
-0.24234779 0.31160028 0.20737256 1.20803942
0.11485963 0.23315476 -0.45323370 0.15231877
-0.54714433 0.08396836 -0.08998300 0.00917911
-1.03074301 -0.00537549 -0.00123550 0.00786410
-0.64379843 0.16248434 -0.10713818 -0.15962954
-1.57434123 0.07461567 -0.28780824 -0.38150697
0.53010309 0.12510495 -0.09434630 0.05689500 -0.63280880 -0.17051383 -0.52156646 -0.36999070 -0.62112879 0.02320924 0.42148631 0.03865700 -0.15922435 0.22189066 -0.44931882 0.03800068 0.07526610 0.14084279 -0.35812205 -0.04859002 0.27908280 -0.18418085 0.16960536 -0.39269138 -0.12536642 -0.07730721 -0.15368713 -0.57599685 -0.47981104 -0.13881104 -0.80890848 -0.52940712
0.68374872 -0.42809071 0.18077884 -0.51372702 -0.07677197 0.06320802 -0.14378035 0.21391678 0.00329911 0.06181937 0.32656195 0.17230587 -0.08672976 0.13117176 0.04130577 0.09477477 0.02275104 -0.16345941 0.13762418 0.16544394 0.16133559 0.22788899 -0.42389911 -0.28447053 0.06468213 -0.02244238 0.35098477 -0.21021802 0.14384566 0.40505401 -0.06252299 -0.10900351
0.95442537 -0.13656009 0.19002291 0.40429101 -0.30437334 -0.19009610 0.04730466 0.09511452 -1.23164701 0.00700737 0.35935307 -0.33717749 -0.27676016 -0.02604374 0.11176400 0.03933480 -0.11071327 0.31282647 -0.03489596 -0.34447447 -0.04911607 -0.05129419 0.16812542 -0.24501462 -0.28118404 -0.29479673 -0.08604324 -0.42748132 0.04260853 0.02825748 0.08028798 -0.27537957
0.13520876 -0.17410992 -0.00040898 -0.19768089 0.29120833 0.16578626 -0.37645990 -0.04347692 -0.08625395 -0.10872722 0.09183161 -0.11269253 -0.31671525 -0.13632346 0.04110647 -0.00661906 0.02154111 -0.13309153 -0.29400165 0.17417115 0.30095539 0.23193860 -0.13702208 -0.01322181 0.57854516 0.03603964 0.00366949 -0.06356838 0.28560810 -0.64766161 -0.27534110 0.20795619
-0.00786210 -0.48384645 -0.14525324 0.08151388 -0.16168932 0.18232822 0.21704640 0.00515222 0.04651183 0.28385851 -0.40484099 -0.11932556 0.08166458 -0.08966487 0.31423986 -0.14608469 -0.16993413 -0.12819467 -0.47169845 0.04515110 -0.05590535 -0.13693572 -0.48819120 -0.23606283 -0.24829670 -0.20838611 -0.02609328 -0.00703049 0.18720814 -0.30600477 0.18113649 0.15530319
0.14657802 -0.36354841 0.12274254 0.12771877 0.28504607 0.10576815 0.09986597 0.05339998 -0.04189267 0.14855156 0.36195425 -0.63038457 -0.16412600 0.26380095 -0.19078106 0.27374094 0.07621445 0.34155821 0.09192331 -0.31696221 0.03844156 0.04281862 0.24554018 -0.06377573 -0.03838498 -0.01404409 0.11708331 0.04808961 0.02870081 -0.25031869 0.19954065 -0.03465625
-0.28794596 -0.90971294 0.13544443 0.62368053 -0.32515181 0.05853598 0.28211750 -0.05399168 0.24461715 -0.35562714 -0.08867947 0.99499958 0.16403507 0.06784096 -0.01621583 -0.58044385 0.20762993 0.13264292 0.13832297 0.09292292 0.24738759 -0.63642651 0.00600373 -0.75385569 -0.01144955 -0.23358025 -0.22758001 -0.51674552 -0.69207944 0.25009506 -0.23636609 0.24609460
0.15170778 -0.21504451 0.18702230 -0.44915281 -0.03920374 0.16642640 0.14857986 -0.04091418 0.04846148 -0.21376127 -0.07823879 -0.18992165 0.70739228 0.04689806 -0.17289349 0.16800318 -0.36996285 -0.05758821 -0.36661911 0.05196490 0.44282688 0.39053770 -0.04289573 0.01047848 -0.19329117 -0.18167254 0.22934565 0.13790501 0.41166873 0.01926117 0.29784645 -0.16404228
0.41680483 0.12498739 0.11751587 -0.13449852 0.05172170 0.08348305 0.51090311 0.30749738 0.01980796 -0.09279413 -0.12871093 -0.28172051 0.21357531 0.15673205 -0.29802684 0.16348456 0.07973696 -0.13307740 -0.22955263 0.18261487 -0.45519774 0.06043976 0.48791844 0.10655002 -0.19776960 -0.07732193 0.27546525 0.15034616 -1.45202545 0.15909097 -0.43706423 -0.30791957
0.05911863 0.56083982 0.05649671 -0.33830498 0.15385082 -0.01251429 -0.08359593 0.12066373 -0.11353684 -0.31610396 0.29098179 -0.32768110 0.12146018 0.03996515 0.09944949 0.10739489 0.11289956 -0.14388119 0.31387293 0.19462065 -0.35006465 -0.19975336 0.64871519 -0.07472686 0.30070507 -0.37976211 0.44122383 -0.15719896 -0.05728419 -0.12169820 0.03703261 0.00454854
0.34255756 -0.26524101 0.29109041 -0.08272521 -0.00013837 0.00560191 -0.03899987 -0.15879530 0.08829106 -0.02918703 -0.05650058 0.08642738 0.01148343 0.16453931 0.43738408 0.48565788 -0.18808266 0.27001832 -0.37820400 0.59755582 0.30437830 0.68638653 -0.15164865 0.29760821 0.21606924 -0.00032441 -0.07285861 -0.09665725 0.00124755 0.29442247 -0.14473858 0.34928219
0.10057222 -0.32861870 -0.33551762 0.08379890 0.04790766 0.27258279 -0.04548315 -0.12357112 -0.20502470 0.58041632 0.31200769 -0.31291427 -0.26596376 0.21057017 -0.20139883 -0.05445824 0.71837272 0.39514917 0.04167220 0.09207778 0.12958208 -0.08658664 -0.01892023 -0.22034923 -0.29728585 0.03944334 0.40411724 0.04840234 -0.25047008 0.21822417 0.12861056 -0.14735960
0.13212394 -0.19043783 0.21988509 -0.12763707 0.12110115 0.08328342 -0.18239898 -0.01847121 -0.14885235 -0.57754292 0.04223413 0.18589816 0.13876985 0.06354842 -0.51140542 -0.21319042 -0.25984372 0.48189771 -0.15885585 -0.10143579 -0.00570550 -0.10482895 0.50758555 -0.14010147 0.18225399 0.24753166 0.09568639 0.18762091 0.00757558 -0.08271306 -0.10720958 -0.05609774
-0.05924650 0.28459436 -0.00722516 0.06550629 0.27700574 -0.10762384 -0.08737269 0.14981707 0.13833107 -0.23441415 0.14675503 0.28545900 0.21874080 0.15529889 -0.18987676 0.77634216 0.39049060 0.23939130 -0.27449915 -0.25777306 0.10846430 0.29671089 -0.14493735 0.06970976 0.30183326 0.09968389 0.04613927 0.04175013 -0.16288547 -0.17126780 -0.07825743 0.18503221
0.00968836 0.00596538 -0.05930326 -0.30710150 -0.21746269 -0.02545816 0.21432312 0.22122790 -0.04480203 0.07535021 0.31268203 -0.19369993 -0.34462685 0.28853647 0.52941674 0.14012738 0.33522189 0.02895911 0.14195760 0.18420874 0.02422080 -0.05531354 -0.08837524 0.00839138 -0.02319901 0.01690141 -0.30876672 -0.24586922 -0.18192174 0.20872802 -0.03940916 -0.03716723
-0.38041120 0.31796362 -0.34736953 -0.24904338 0.34061675 0.07352373 -0.12174189 0.12426329 -0.37564058 0.07627173 0.23865252 0.02619238 -0.04614830 0.55881983 0.00568401 -0.05813200 0.02695240 -0.39508256 0.10443210 0.04573053 0.16912552 0.25456322 -0.28403943 0.47279013 0.01893810 0.13975701 0.55326914 -0.07748099 -0.13962409 -0.33760527 -0.04391192 0.07483381
0.12005910 0.16848549 0.13762114 0.09575978 -0.25950201 -0.10605842 -0.13186869 0.11990132 0.39564932 -0.05703389 0.64380873 0.69829501 0.30083845 0.03792637 -0.14220013 -0.19068368 0.38513577 -0.05931706 0.17481587 -0.00521238 0.43887347 0.59918630 -0.15741382 -0.00913773 0.01010992 0.52977847 0.17101447 0.23487730 0.01713030 0.11789957 0.01129975 0.10394632
-0.12891758 0.19928573 0.24117411 -0.05670916 -0.22408855 0.12901477 0.08933831 0.53404787 0.30146285 -0.19552127 0.20589968 0.46766097 0.27711597 0.28194168 0.27524173 -0.46835597
0.33601570 0.04496123 -0.02885990 -0.46240457 0.60925522 -0.01037107 -0.01868350 0.06550232 -0.10516592 0.29421054 -0.39456520 -0.03372042 -0.39735923 -0.30421976 -0.04617641 0.10445332
-0.21418429
# Policy 5-32-16-3 tanh tanh linear
-1.21241929 -1.08601414 -1.16078974 -0.58817070 -1.72084718
0.68999308 0.79900203 0.49741976 0.35749274 -0.08757824
0.37205526 -0.41293228 -0.04173760 -1.88629845 0.08405860
0.11922997 -0.75987403 1.92568804 0.72393573 -0.35534969
1.60101573 0.61232034 0.11747421 1.81639999 0.76906895
-0.04639349 1.60924859 -0.42336829 -0.11893298 0.83032005
-0.25859702 -0.62846764 -0.50921663 1.60915682 0.66303249
2.54038961 1.72913801 0.73897585 0.45319430 1.57206765
1.46188161 1.86290890 -0.42921107 0.49924168 -0.62570255
-0.15329039 0.67630875 0.15898767 1.22036314 -0.38980624
-0.33594392 -0.17758430 0.65319655 1.22343295 0.09948504
-0.75370865 -0.41154994 -0.66144886 0.90179995 0.32945470
0.14496122 -0.90137999 2.37401519 0.23434486 0.10745795
-2.02979793 -2.31828875 -1.36144740 -2.17166236 -2.16956139
-0.17558574 3.58510022 -1.27723491 0.31532040 0.07924310
0.13057252 -0.30758163 -1.97181637 0.41486887 0.30098368
0.28305758 -0.89911695 1.41487933 0.42788396 0.29888389
1.19258800 2.19439964 0.19799034 -0.02243017 1.00587402
0.38120963 -0.58581330 -0.72024428 1.69830839 -0.24098958
0.01636055 3.12604449 -1.99066819 0.61561443 0.02845303
-0.39125028 0.20869192 -0.85809772 1.44504497 -0.19604073
0.11625189 -2.86624353 0.31814143 -0.31804123 0.07355379
-1.21491863 -0.73969194 0.02730062 -0.20348451 0.27386799
-0.06979134 0.70943250 1.11427766 -2.17067527 -0.02774587
-0.50294117 0.07020128 2.93019212 -0.08420398 0.07431014
-0.53240957 -1.85929435 1.03126480 -0.09971498 0.05450825
-0.81269779 0.49333363 0.53860305 -1.26897449 -0.19984106
0.06461761 0.80041580 -1.34333066 -0.60874535 -0.29726269
-0.10947720 -2.23255826 0.39564616 -0.61448685 0.23314344
-0.29244970 0.20900053 0.63389554 0.66893540 0.29276966
0.23305641 -0.72476299 1.56794699 0.51364145 0.18912734
-0.04193487 -0.55099679 -0.42789696 1.70898448 -0.16927391
-1.26831049 -1.54612042 -0.04247656 -0.67005214 0.69247173 -0.77868142 -0.60061572 0.95293627 0.19695743 -1.42655866 -1.22235217 0.97397722 -0.47187952 -1.34432448 -0.86896792 0.41089803 -0.34525733 0.51337062 -0.15678837 -0.45476712 -0.51758478 1.10612871 -0.90354751 -0.52052404 -0.99195160 0.28947800 0.02066200 0.26349537 1.07724502 -1.06943752 -0.67331753 -0.65096518
0.16390113 0.03441015 0.20934817 -0.42947183 -0.65814474 0.06531143 0.28135892 -0.11556712 -0.91606428 0.23929036 0.26134741 -0.28417571 -0.38223987 0.32804807 -0.42661262 -0.13546855 -0.15948209 -0.14285338 0.32773876 -0.47654955 -0.10007359 0.48359796 0.42965621 0.31399895 -0.50671294 0.40197036 0.94397011 0.81453510 -0.38703538 -0.12444051 -0.10761194 0.13418035
-0.46873875 -0.75632818 -0.88765609 -1.39539678 1.10691415 -0.41996628 -0.01953802 0.99484966 -0.03063741 -1.06265826 -0.92570772 0.83132545 -1.51085213 -0.72785432 -1.95888767 0.77929993 -1.12714441 0.02901844 0.58727641 -1.96269549 0.10220883 1.07471078 -0.30803742 -1.19849904 -1.37800015 0.82116985 -0.84810629 0.61156566 0.42348572 -0.53447433 -0.99122841 -0.36329238
1.02077098 0.30673249 0.68052211 -0.59390037 -0.09794368 0.77117426 -0.67189095 -0.51176283 -0.24883945 0.11288458 -0.30294733 -1.15434060 0.38834092 0.47014225 0.26674312 -1.12601830 0.13156188 -0.26543197 -1.16416950 0.31392257 -0.92528046 -0.55840737 0.80274272 1.08429042 -0.07790209 0.02461937 1.04471607 0.43424870 -0.07111213 0.09983750 -0.12550593 -1.02768761
-0.87848326 0.74531720 0.03705928 -0.04655632 0.35234049 0.16898271 0.45009898 0.96335954 -0.18706411 1.64290795 1.13743469 0.91865294 -0.26833005 -0.75999211 -1.76516406 0.70640546 -0.04559216 0.27080933 1.24517256 -1.52791913 1.76537521 1.13423406 -0.85371617 -0.55946370 -0.25737818 -0.31115192 -0.76679865 -0.57822463 0.10101513 0.65625016 -0.22509177 0.67042086
-0.59115430 -0.15986058 -0.65451592 0.50012083 0.22023460 0.14453431 0.24281398 0.56712696 0.92901463 0.18756872 -0.26223916 0.69037413 0.15826594 -0.72730793 -0.63510631 -0.14409629 0.26365110 0.33739330 0.38653651 -0.30841066 0.43136660 0.19062022 -0.21159539 -0.68027823 0.21727723 0.10933255 -0.10423950 -0.91728358 -0.05317131 -0.03499658 0.28740358 0.85343984
0.08660182 0.23916789 -0.08439211 0.85255701 -0.63259959 -0.40681724 -0.16131589 -0.74929491 0.11348442 -0.37230014 0.69360368 -0.48137493 1.61299749 0.58732209 2.27953361 -0.72349663 -0.04444773 -0.11742917 -0.31954069 2.23977478 -1.44824742 -1.02016792 0.40908564 -0.10181169 1.13218533 -0.28076877 0.46226321 -0.57927503 -0.38636300 0.28932843 0.39225001 -0.50933837
0.66103039 -0.19452420 -0.19566400 0.33675623 -0.20143700 -1.05900065 0.07140886 -0.18811354 -0.29568136 -1.03722794 -0.17535045 -0.27439433 0.86069050 0.05393625 -1.18888503 -0.14701386 0.62613740 -0.18755676 -0.05822491 -1.41605675 -0.61779693 1.75115618 0.80144448 0.10328994 0.45518193 0.89220080 -0.36235859 -0.80515204 1.18008038 -0.50659223 0.36237865 0.11963669
0.44714780 1.35776704 -0.43662626 0.49791890 0.10712436 1.74649613 -0.66708460 -0.00894709 0.29874280 0.83836377 0.46616218 -0.91207711 0.55546719 -0.06374428 2.52692563 -1.13618527 -0.09947401 0.47285167 -1.18785273 1.70370778 -0.41412277 -3.17265126 -0.42899074 0.80304791 1.03468952 -1.13835719 0.67592771 -0.07987341 -2.58827017 1.01509892 0.22942267 -0.29964353
-0.11345139 0.83611378 -0.35604016 0.42755528 -0.23713477 1.24113736 -0.32783101 -0.12499395 0.52570801 0.89265696 0.30041708 -0.21530336 0.23460485 0.34029488 1.83005683 -1.28443954 0.37990379 0.06309010 -1.03583723 1.80331866 -0.06546973 -2.58734207 -0.10617921 0.79724312 0.96994794 -1.38029456 0.37271873 0.22806059 -2.33310029 0.67299353 0.72680357 -0.89367277
0.45811049 -0.21111332 0.72220457 -0.25435361 -0.92144233 -0.31308704 0.01615831 -0.67864070 -0.16949396 -0.09206586 0.01886567 -0.05375950 -0.42879270 0.51436299 -0.42121315 0.29232543 -0.20971471 -0.47790896 0.06144960 -0.22981978 0.50074088 0.36528934 0.70050310 0.06199429 0.17461202 0.05105557 -0.00508287 0.77841000 -0.22134349 -0.01274954 0.33714909 -0.46550679
1.01774221 2.85507686 0.43381488 1.02135322 -0.67433424 0.45336555 1.99983555 -0.13224321 -0.32518820 2.71846604 3.46300816 -0.44168553 0.20787118 0.88867187 0.26637049 0.53527903 0.51503493 -0.93364295 1.90232235 -0.08094393 2.56224228 -0.85587804 0.12174488 -0.42049822 -0.12870965 -0.52239897 -0.96121575 -0.57391844 -1.25396370 2.35813447 0.84853330 2.52712206
0.32583878 -2.53463616 -0.00464809 -2.20241172 0.13948039 -0.13495833 0.40187172 -0.22846859 -0.31734320 -1.51446132 -1.30482951 0.65329248 -2.27030719 0.19985459 0.35355755 2.45091900 -0.68210347 0.05342770 1.09734452 0.50986021 1.12994503 0.17798316 -0.19393058 -1.15689965 -2.58220068 -0.09915351 -0.57087630 1.59032085 0.31094405 -2.29945312 -1.48460550 0.57010196
0.45229246 -0.29997291 -0.19314910 -1.38264920 -0.41836174 0.38067126 0.30847027 -0.35276635 -0.09339064 -0.45864534 -0.41010408 -0.19739876 -1.17201579 0.44971988 0.39636829 1.15476014 -0.61378809 -0.43628246 0.24859594 0.98562119 -0.06044139 -0.62108256 0.44235287 -0.16957183 -0.79399865 0.25230163 0.07357799 1.49455117 -1.07014866 -0.58555339 -0.55173560 -0.71358889
-0.82281806 -0.33324219 -0.85928774 0.35057242 0.36630712 -0.30238710 0.16949882 0.70008253 0.41132738 0.35560926 0.62409842 0.78686567 0.17066450 -0.59819092 -0.46863516 -0.51715500 0.29763614 0.80762848 0.77174544 -0.25358639 0.10913053 0.70332635 -0.33591648 -0.02459860 0.56333940 0.52043420 -0.04807935 -0.82969546 0.14218091 0.73119588 0.20568437 0.71241444
-0.70607838 -0.30140872 -0.69645505 0.10186659 0.40402586 -0.42561925 -0.02510756 -0.00459503 0.88096857 0.25571861 0.04569580 0.65231349 0.32443324 -0.37006462 -0.13247863 -0.16038456 0.28845175 0.86040404 -0.12062020 -0.20208100 -0.28337479 -0.21253688 -0.47777741 -0.38519221 0.36059311 0.03129461 -0.31998750 -0.75905042 -0.03017196 -0.06372479 0.44710778 0.46228186
-0.70151048 -0.35124550 -0.73813324 0.54432058 0.30906926 -0.27304341 0.50599049 0.48042210 0.54379901 -0.17770533 0.09125737 0.14297159 0.23677191 -0.49139219 0.01041259 0.36322403 0.44009096 0.31236622 0.16914050 0.49245132 0.64909232 -0.10999698 -0.82586866 -0.22841622 -0.17748228 -0.25814621 -0.65245367 -0.85482770 0.64642992 0.05131931 0.20579168 0.26177703
-0.23921073 0.42009660 -0.56513100 0.72648333 0.51325979 -0.58916933 -0.09729041 -0.27427798 -0.34323880 -0.39155617 -0.53009543 0.05382493 -0.42540950 0.58604883 0.32860689 0.55231631
-4.66048951 -3.69984987 -4.59515040 4.44050900 4.33534873 2.17117591 -3.91694173 2.11949018 3.28454257 -4.74104544 5.12502346 -3.86850618 -4.15404969 4.53692864 4.67520751 5.01912386
-3.88168384 2.20767392 -3.83225119 3.71640550 3.10373995 3.75679967 -2.58400071 4.12871743 4.57663279 -3.37884958 -2.07959134 -2.34547788 -2.26246808 2.95124088 2.93863832 3.56367272
-4.26904866 -4.49069594 -3.90982077 2.84759965 4.09182734 4.13935171 -4.42413776 3.89760895 4.52418471 -4.49266904 4.01218273 -4.42260674 -4.29925783 4.36564697 4.16344513 4.12147991
4.16391112 2.46475910 3.57709134
